#Addition two values:
arr1 <- c(12,23,455,92)
arr2 <- c(10,76,34,89)
arr1 + arr2

# Logical Operators
arr = c(TRUE,FALSE,-9,4)
!arr

